Tiempo_10    Distancia_10    Tiempo_02    Distancia_02    Tiempo_15    Distancia_15
0.0          0.3             0.0          0.05            0.0          0.1            
0.025        0.5             0.025        0.15            0.025        0.2            
0.05         0.7             0.05         0.25            0.05         0.25           
0.075        0.9             0.075        0.45            0.075        0.3            
0.1          1.3             0.1          0.75            0.1          0.6            
0.125        1.7             0.125        1.15            0.125        1.0            
0.15         2.3             0.15         1.65            0.15         1.6            
0.175        2.9             0.175        2.05            0.175        2.3            
0.2          3.6             0.2          2.5             0.2          3.2            
0.225        4.5             0.225        3.0             0.225        4.3            
0.25         5.3             0.25         3.5             0.25         5.5            
0.275        6.3             0.275        4.1             0.275        6.8            
0.30         7.4             0.30         4.65            0.30         8.3            
0.325        8.7             0.325        5.25            0.325        10.0           
0.35         10.0            0.35         5.85            0.35         11.8           
0.375        11.4            0.375        6.45            0.375        13.8           
0.4          12.8            0.4          7.1             0.4          15.9           
0.425        14.4            0.425        7.8             0.425        18.2
0.45         16.1            0.45         8.5             0.45         20.6           
0.475        17.9            0.475        9.2             0.475        23.1           
0.5          19.7            0.5          10.0            0.5          25.8           
0.525        21.6            0.525        10.9            0.525        28.8           
0.55         23.9            0.55         11.7            0.55         31.8           
0.575        26.1            0.575        12.4            0.575        35.0           
0.60         28.3            0.60         13.3            0.60         38.3           
0.625        30.3            0.625        14.1            0.625        41.8           
0.65         32.6            0.65         15.0            0.65         45.4           
0.675        35.2            0.675        16.0            0.675        53.1
0.70         37.8            0.70         17.0            0.70         57.1           
0.725        40.5            0.725        18.0            0.725        61.3           
0.75         43.2            0.75         19.0            0.75         65.7           
0.775        46.1            0.775        20.1            0.775        69.8           
0.8          49.0            0.8          21.2            0.8          74.9           
0.825        52.1            0.825        22.2            0.825        79.7           
0.85         55.3            0.85         23.4            0.85         84.8           
0.875        58.5            0.875        24.5            0.875        90.0           
0.9          61.7            0.9          25.7            0.9          95.0           
0.925        65.1            0.925        27.9                                        
0.95         68.6            0.95         29.2                                        
0.975        72.1            0.975        30.5                                        
1.0          75.7            1.0          31.8                                        
1.025        79.4            1.025        33.1                                        
1.05         83.3            1.05         34.4                                        
1.075        87.2            1.075        35.7                                        
1.1          91.2            1.1          37.1                                        
1.125        95.1            1.125        38.4                                        
                             1.15         39.8                                        
                             1.175        41.3                                        
                             1.20         42.8                                        
                             1.225        44.3                                        
                             1.25         45.9                                        
                             1.275        47.5                                        
                             1.3          49.1                                        
                             1.325        50.7                                        
                             1.35         52.3                                        
                             1.375        54.0                                        
                             1.40         55.8                                        
                             1.425        57.6                                        
                             1.45         59.5                                        
                             1.475        61.3                                        
                             1.5          63.1                                        
                             1.525        64.9                                        
                             1.55         66.7                                        
                             1.575        68.5                                        
                             1.6          70.4                                        
                             1.625        72.3                                        
                             1.65         74.2                                        
                             1.675        76.2                                        
                             1.70         78.2                                        
                             1.725        80.2                                        
                             1.75         82.3                                        
                             1.775        84.4                                        
                             1.8          86.5                                        
                             1.825        88.7                                        
                             1.85         91.1                                        
